intrinsic:
1003.2483304533768 0.0 637.7021887122644 
0.0 1001.0949506099705 359.71020310562756 
0.0 0.0 1.0 
distortion:
0.10159276952361046 -0.5930852047829248 0.0007310570530332265 -0.0006471253300602525 0.2928262955058234 
