intrinsic:
987.3489121113802 0.0 635.3385240019251 
0.0 986.1757858280837 358.9728394238071 
0.0 0.0 1.0 
distortion:
0.13974297555016574 -0.8568850191513616 -0.0003954846318510976 0.00042474952474506227 0.8491959478125491 
